[(27,2,4), (15,3,3), (19,3,6), (35,4,1), (2,5,3), (28,5,0), (46,5,6), (48,6,5), (32,8,2), (40,8,1), (41,8,1), (42,8,5), (43,9,5), (49,9,4), (29,10,5), (3,12,2), (38,12,2), (5,13,1), (21,13,6), (24,13,2), (44,13,4), (16,16,6), (37,18,1), (39,19,3), (47,19,1), (7,20,2), (11,20,3), (1,21,4), (12,21,2), (33,21,2), (23,22,6), (4,23,1), (10,25,0), (31,26,0), (36,26,4), (30,27,5), (26,28,5), (6,29,2), (17,31,4), (18,31,1), (45,32,1), (20,34,4), (8,35,1), (22,35,1), (14,36,3), (34,36,0), (9,37,6), (13,37,1), (0,38,2), (25,38,6)]
Time : 0
Queue 1: []
Queue 2: []
Queue 3: []
Queue 4: []
Queue 5: []
Time : 1
Queue 1: []
Queue 2: []
Queue 3: []
Queue 4: []
Queue 5: []
Time : 2
Queue 1: [(27,2,4)]
Queue 2: []
Queue 3: []
Queue 4: []
Queue 5: []
Time : 3
Queue 1: [(27,2,3)]
Queue 2: [(15,3,3)]
Queue 3: [(19,3,6)]
Queue 4: []
Queue 5: []
Time : 4
Queue 1: [(27,2,2)]
Queue 2: [(15,3,2)]
Queue 3: [(19,3,5)]
Queue 4: [(35,4,1)]
Queue 5: []
Time : 5
Queue 1: [(27,2,1)]
Queue 2: [(15,3,1)]
Queue 3: [(19,3,4)]
Queue 4: [(46,5,6)]
Queue 5: [(2,5,3)]
Time : 6
Queue 1: []
Queue 2: []
Queue 3: [(19,3,3)]
Queue 4: [(46,5,5)]
Queue 5: [(2,5,2), (48,6,5)]
Time : 7
Queue 1: []
Queue 2: []
Queue 3: [(19,3,2)]
Queue 4: [(46,5,4)]
Queue 5: [(2,5,1), (48,6,5)]
Time : 8
Queue 1: []
Queue 2: []
Queue 3: [(19,3,1)]
Queue 4: [(46,5,3)]
Queue 5: [(48,6,5), (32,8,2), (40,8,1), (41,8,1), (42,8,5)]
Time : 9
Queue 1: []
Queue 2: []
Queue 3: []
Queue 4: [(46,5,2)]
Queue 5: [(48,6,4), (32,8,2), (40,8,1), (41,8,1), (42,8,5), (43,9,5), (49,9,4)]
Time : 10
Queue 1: []
Queue 2: []
Queue 3: []
Queue 4: [(46,5,1), (29,10,5)]
Queue 5: [(48,6,3), (32,8,2), (40,8,1), (41,8,1), (42,8,5), (43,9,5), (49,9,4)]
Time : 11
Queue 1: []
Queue 2: []
Queue 3: []
Queue 4: [(29,10,5)]
Queue 5: [(48,6,2), (32,8,2), (40,8,1), (41,8,1), (42,8,5), (43,9,5), (49,9,4)]
Time : 12
Queue 1: []
Queue 2: []
Queue 3: []
Queue 4: [(29,10,4)]
Queue 5: [(48,6,1), (32,8,2), (40,8,1), (41,8,1), (42,8,5), (43,9,5), (49,9,4), (3,12,2), (38,12,2)]
Time : 13
Queue 1: []
Queue 2: []
Queue 3: []
Queue 4: [(29,10,3)]
Queue 5: [(32,8,2), (40,8,1), (41,8,1), (42,8,5), (43,9,5), (49,9,4), (3,12,2), (38,12,2), (5,13,1), (21,13,6), (24,13,2), (44,13,4)]
Time : 14
Queue 1: []
Queue 2: []
Queue 3: []
Queue 4: [(29,10,2)]
Queue 5: [(32,8,1), (40,8,1), (41,8,1), (42,8,5), (43,9,5), (49,9,4), (3,12,2), (38,12,2), (5,13,1), (21,13,6), (24,13,2), (44,13,4)]
Time : 15
Queue 1: []
Queue 2: []
Queue 3: []
Queue 4: [(29,10,1)]
Queue 5: [(40,8,1), (41,8,1), (42,8,5), (43,9,5), (49,9,4), (3,12,2), (38,12,2), (5,13,1), (21,13,6), (24,13,2), (44,13,4)]
Time : 16
Queue 1: []
Queue 2: []
Queue 3: []
Queue 4: []
Queue 5: [(41,8,1), (42,8,5), (43,9,5), (49,9,4), (3,12,2), (38,12,2), (5,13,1), (21,13,6), (24,13,2), (44,13,4), (16,16,6)]
Time : 17
Queue 1: []
Queue 2: []
Queue 3: []
Queue 4: []
Queue 5: [(42,8,5), (43,9,5), (49,9,4), (3,12,2), (38,12,2), (5,13,1), (21,13,6), (24,13,2), (44,13,4), (16,16,6)]
Time : 18
Queue 1: []
Queue 2: []
Queue 3: []
Queue 4: []
Queue 5: [(42,8,4), (43,9,5), (49,9,4), (3,12,2), (38,12,2), (5,13,1), (21,13,6), (24,13,2), (44,13,4), (16,16,6), (37,18,1)]
Time : 19
Queue 1: []
Queue 2: []
Queue 3: []
Queue 4: [(47,19,1)]
Queue 5: [(42,8,3), (43,9,5), (49,9,4), (3,12,2), (38,12,2), (5,13,1), (21,13,6), (24,13,2), (44,13,4), (16,16,6), (37,18,1), (39,19,3)]
Time : 20
Queue 1: []
Queue 2: []
Queue 3: []
Queue 4: [(11,20,3)]
Queue 5: [(42,8,2), (43,9,5), (49,9,4), (3,12,2), (38,12,2), (5,13,1), (21,13,6), (24,13,2), (44,13,4), (16,16,6), (37,18,1), (39,19,3), (7,20,2)]
Time : 21
Queue 1: []
Queue 2: []
Queue 3: []
Queue 4: [(11,20,2)]
Queue 5: [(42,8,1), (43,9,5), (49,9,4), (3,12,2), (38,12,2), (5,13,1), (21,13,6), (24,13,2), (44,13,4), (16,16,6), (37,18,1), (39,19,3), (7,20,2), (1,21,4), (12,21,2), (33,21,2)]
Time : 22
Queue 1: []
Queue 2: []
Queue 3: []
Queue 4: [(11,20,1)]
Queue 5: [(43,9,5), (49,9,4), (3,12,2), (38,12,2), (5,13,1), (21,13,6), (24,13,2), (44,13,4), (16,16,6), (37,18,1), (39,19,3), (7,20,2), (1,21,4), (12,21,2), (33,21,2), (23,22,6)]
Time : 23
Queue 1: []
Queue 2: []
Queue 3: []
Queue 4: [(4,23,1)]
Queue 5: [(43,9,4), (49,9,4), (3,12,2), (38,12,2), (5,13,1), (21,13,6), (24,13,2), (44,13,4), (16,16,6), (37,18,1), (39,19,3), (7,20,2), (1,21,4), (12,21,2), (33,21,2), (23,22,6)]
Time : 24
Queue 1: []
Queue 2: []
Queue 3: []
Queue 4: []
Queue 5: [(43,9,3), (49,9,4), (3,12,2), (38,12,2), (5,13,1), (21,13,6), (24,13,2), (44,13,4), (16,16,6), (37,18,1), (39,19,3), (7,20,2), (1,21,4), (12,21,2), (33,21,2), (23,22,6)]
Time : 25
Queue 1: []
Queue 2: []
Queue 3: []
Queue 4: []
Queue 5: [(43,9,2), (49,9,4), (3,12,2), (38,12,2), (5,13,1), (21,13,6), (24,13,2), (44,13,4), (16,16,6), (37,18,1), (39,19,3), (7,20,2), (1,21,4), (12,21,2), (33,21,2), (23,22,6), (10,25,0)]
Time : 26
Queue 1: []
Queue 2: []
Queue 3: []
Queue 4: [(36,26,4)]
Queue 5: [(43,9,1), (49,9,4), (3,12,2), (38,12,2), (5,13,1), (21,13,6), (24,13,2), (44,13,4), (16,16,6), (37,18,1), (39,19,3), (7,20,2), (1,21,4), (12,21,2), (33,21,2), (23,22,6), (10,25,0)]
Time : 27
Queue 1: []
Queue 2: []
Queue 3: []
Queue 4: [(36,26,3)]
Queue 5: [(49,9,4), (3,12,2), (38,12,2), (5,13,1), (21,13,6), (24,13,2), (44,13,4), (16,16,6), (37,18,1), (39,19,3), (7,20,2), (1,21,4), (12,21,2), (33,21,2), (23,22,6), (10,25,0), (30,27,5)]
Time : 28
Queue 1: []
Queue 2: []
Queue 3: []
Queue 4: [(36,26,2)]
Queue 5: [(49,9,3), (3,12,2), (38,12,2), (5,13,1), (21,13,6), (24,13,2), (44,13,4), (16,16,6), (37,18,1), (39,19,3), (7,20,2), (1,21,4), (12,21,2), (33,21,2), (23,22,6), (10,25,0), (30,27,5), (26,28,5)]
Time : 29
Queue 1: []
Queue 2: []
Queue 3: []
Queue 4: [(36,26,1)]
Queue 5: [(49,9,2), (3,12,2), (38,12,2), (5,13,1), (21,13,6), (24,13,2), (44,13,4), (16,16,6), (37,18,1), (39,19,3), (7,20,2), (1,21,4), (12,21,2), (33,21,2), (23,22,6), (10,25,0), (30,27,5), (26,28,5), (6,29,2)]
Time : 30
Queue 1: []
Queue 2: []
Queue 3: []
Queue 4: []
Queue 5: [(49,9,1), (3,12,2), (38,12,2), (5,13,1), (21,13,6), (24,13,2), (44,13,4), (16,16,6), (37,18,1), (39,19,3), (7,20,2), (1,21,4), (12,21,2), (33,21,2), (23,22,6), (10,25,0), (30,27,5), (26,28,5), (6,29,2)]
Time : 31
Queue 1: []
Queue 2: []
Queue 3: []
Queue 4: []
Queue 5: [(3,12,2), (38,12,2), (5,13,1), (21,13,6), (24,13,2), (44,13,4), (16,16,6), (37,18,1), (39,19,3), (7,20,2), (1,21,4), (12,21,2), (33,21,2), (23,22,6), (10,25,0), (30,27,5), (26,28,5), (6,29,2), (17,31,4), (18,31,1)]
Time : 32
Queue 1: []
Queue 2: []
Queue 3: []
Queue 4: []
Queue 5: [(3,12,1), (38,12,2), (5,13,1), (21,13,6), (24,13,2), (44,13,4), (16,16,6), (37,18,1), (39,19,3), (7,20,2), (1,21,4), (12,21,2), (33,21,2), (23,22,6), (10,25,0), (30,27,5), (26,28,5), (6,29,2), (17,31,4), (18,31,1), (45,32,1)]
Time : 33
Queue 1: []
Queue 2: []
Queue 3: []
Queue 4: []
Queue 5: [(38,12,2), (5,13,1), (21,13,6), (24,13,2), (44,13,4), (16,16,6), (37,18,1), (39,19,3), (7,20,2), (1,21,4), (12,21,2), (33,21,2), (23,22,6), (10,25,0), (30,27,5), (26,28,5), (6,29,2), (17,31,4), (18,31,1), (45,32,1)]
Time : 34
Queue 1: []
Queue 2: []
Queue 3: []
Queue 4: []
Queue 5: [(38,12,1), (5,13,1), (21,13,6), (24,13,2), (44,13,4), (16,16,6), (37,18,1), (39,19,3), (7,20,2), (1,21,4), (12,21,2), (33,21,2), (23,22,6), (10,25,0), (30,27,5), (26,28,5), (6,29,2), (17,31,4), (18,31,1), (45,32,1), (20,34,4)]
Time : 35
Queue 1: []
Queue 2: []
Queue 3: []
Queue 4: [(22,35,1)]
Queue 5: [(5,13,1), (21,13,6), (24,13,2), (44,13,4), (16,16,6), (37,18,1), (39,19,3), (7,20,2), (1,21,4), (12,21,2), (33,21,2), (23,22,6), (10,25,0), (30,27,5), (26,28,5), (6,29,2), (17,31,4), (18,31,1), (45,32,1), (20,34,4), (8,35,1)]
Time : 36
Queue 1: []
Queue 2: []
Queue 3: []
Queue 4: []
Queue 5: [(21,13,6), (24,13,2), (44,13,4), (16,16,6), (37,18,1), (39,19,3), (7,20,2), (1,21,4), (12,21,2), (33,21,2), (23,22,6), (10,25,0), (30,27,5), (26,28,5), (6,29,2), (17,31,4), (18,31,1), (45,32,1), (20,34,4), (8,35,1), (14,36,3), (34,36,0)]
Time : 37
Queue 1: []
Queue 2: []
Queue 3: []
Queue 4: [(9,37,6)]
Queue 5: [(21,13,5), (24,13,2), (44,13,4), (16,16,6), (37,18,1), (39,19,3), (7,20,2), (1,21,4), (12,21,2), (33,21,2), (23,22,6), (10,25,0), (30,27,5), (26,28,5), (6,29,2), (17,31,4), (18,31,1), (45,32,1), (20,34,4), (8,35,1), (14,36,3), (34,36,0), (13,37,1)]
Time : 38
Queue 1: []
Queue 2: []
Queue 3: []
Queue 4: [(9,37,5)]
Queue 5: [(21,13,4), (24,13,2), (44,13,4), (16,16,6), (37,18,1), (39,19,3), (7,20,2), (1,21,4), (12,21,2), (33,21,2), (23,22,6), (10,25,0), (30,27,5), (26,28,5), (6,29,2), (17,31,4), (18,31,1), (45,32,1), (20,34,4), (8,35,1), (14,36,3), (34,36,0), (13,37,1), (0,38,2), (25,38,6)]
Time : 39
Queue 1: []
Queue 2: []
Queue 3: []
Queue 4: [(9,37,4)]
Queue 5: [(21,13,3), (24,13,2), (44,13,4), (16,16,6), (37,18,1), (39,19,3), (7,20,2), (1,21,4), (12,21,2), (33,21,2), (23,22,6), (10,25,0), (30,27,5), (26,28,5), (6,29,2), (17,31,4), (18,31,1), (45,32,1), (20,34,4), (8,35,1), (14,36,3), (34,36,0), (13,37,1), (0,38,2), (25,38,6)]
Time : 40
Queue 1: []
Queue 2: []
Queue 3: []
Queue 4: [(9,37,3)]
Queue 5: [(21,13,2), (24,13,2), (44,13,4), (16,16,6), (37,18,1), (39,19,3), (7,20,2), (1,21,4), (12,21,2), (33,21,2), (23,22,6), (10,25,0), (30,27,5), (26,28,5), (6,29,2), (17,31,4), (18,31,1), (45,32,1), (20,34,4), (8,35,1), (14,36,3), (34,36,0), (13,37,1), (0,38,2), (25,38,6)]
Time : 41
Queue 1: []
Queue 2: []
Queue 3: []
Queue 4: [(9,37,2)]
Queue 5: [(21,13,1), (24,13,2), (44,13,4), (16,16,6), (37,18,1), (39,19,3), (7,20,2), (1,21,4), (12,21,2), (33,21,2), (23,22,6), (10,25,0), (30,27,5), (26,28,5), (6,29,2), (17,31,4), (18,31,1), (45,32,1), (20,34,4), (8,35,1), (14,36,3), (34,36,0), (13,37,1), (0,38,2), (25,38,6)]
Time : 42
Queue 1: []
Queue 2: []
Queue 3: []
Queue 4: [(9,37,1)]
Queue 5: [(24,13,2), (44,13,4), (16,16,6), (37,18,1), (39,19,3), (7,20,2), (1,21,4), (12,21,2), (33,21,2), (23,22,6), (10,25,0), (30,27,5), (26,28,5), (6,29,2), (17,31,4), (18,31,1), (45,32,1), (20,34,4), (8,35,1), (14,36,3), (34,36,0), (13,37,1), (0,38,2), (25,38,6)]
Time : 43
Queue 1: []
Queue 2: []
Queue 3: []
Queue 4: []
Queue 5: [(24,13,1), (44,13,4), (16,16,6), (37,18,1), (39,19,3), (7,20,2), (1,21,4), (12,21,2), (33,21,2), (23,22,6), (10,25,0), (30,27,5), (26,28,5), (6,29,2), (17,31,4), (18,31,1), (45,32,1), (20,34,4), (8,35,1), (14,36,3), (34,36,0), (13,37,1), (0,38,2), (25,38,6)]
Time : 44
Queue 1: []
Queue 2: []
Queue 3: []
Queue 4: []
Queue 5: [(44,13,4), (16,16,6), (37,18,1), (39,19,3), (7,20,2), (1,21,4), (12,21,2), (33,21,2), (23,22,6), (10,25,0), (30,27,5), (26,28,5), (6,29,2), (17,31,4), (18,31,1), (45,32,1), (20,34,4), (8,35,1), (14,36,3), (34,36,0), (13,37,1), (0,38,2), (25,38,6)]
Time : 45
Queue 1: []
Queue 2: []
Queue 3: []
Queue 4: []
Queue 5: [(44,13,3), (16,16,6), (37,18,1), (39,19,3), (7,20,2), (1,21,4), (12,21,2), (33,21,2), (23,22,6), (10,25,0), (30,27,5), (26,28,5), (6,29,2), (17,31,4), (18,31,1), (45,32,1), (20,34,4), (8,35,1), (14,36,3), (34,36,0), (13,37,1), (0,38,2), (25,38,6)]
Time : 46
Queue 1: []
Queue 2: []
Queue 3: []
Queue 4: []
Queue 5: [(44,13,2), (16,16,6), (37,18,1), (39,19,3), (7,20,2), (1,21,4), (12,21,2), (33,21,2), (23,22,6), (10,25,0), (30,27,5), (26,28,5), (6,29,2), (17,31,4), (18,31,1), (45,32,1), (20,34,4), (8,35,1), (14,36,3), (34,36,0), (13,37,1), (0,38,2), (25,38,6)]
Time : 47
Queue 1: []
Queue 2: []
Queue 3: []
Queue 4: []
Queue 5: [(44,13,1), (16,16,6), (37,18,1), (39,19,3), (7,20,2), (1,21,4), (12,21,2), (33,21,2), (23,22,6), (10,25,0), (30,27,5), (26,28,5), (6,29,2), (17,31,4), (18,31,1), (45,32,1), (20,34,4), (8,35,1), (14,36,3), (34,36,0), (13,37,1), (0,38,2), (25,38,6)]
Time : 48
Queue 1: []
Queue 2: []
Queue 3: []
Queue 4: []
Queue 5: [(16,16,6), (37,18,1), (39,19,3), (7,20,2), (1,21,4), (12,21,2), (33,21,2), (23,22,6), (10,25,0), (30,27,5), (26,28,5), (6,29,2), (17,31,4), (18,31,1), (45,32,1), (20,34,4), (8,35,1), (14,36,3), (34,36,0), (13,37,1), (0,38,2), (25,38,6)]
Time : 49
Queue 1: []
Queue 2: []
Queue 3: []
Queue 4: []
Queue 5: [(16,16,5), (37,18,1), (39,19,3), (7,20,2), (1,21,4), (12,21,2), (33,21,2), (23,22,6), (10,25,0), (30,27,5), (26,28,5), (6,29,2), (17,31,4), (18,31,1), (45,32,1), (20,34,4), (8,35,1), (14,36,3), (34,36,0), (13,37,1), (0,38,2), (25,38,6)]
Time : 50
Queue 1: []
Queue 2: []
Queue 3: []
Queue 4: []
Queue 5: [(16,16,4), (37,18,1), (39,19,3), (7,20,2), (1,21,4), (12,21,2), (33,21,2), (23,22,6), (10,25,0), (30,27,5), (26,28,5), (6,29,2), (17,31,4), (18,31,1), (45,32,1), (20,34,4), (8,35,1), (14,36,3), (34,36,0), (13,37,1), (0,38,2), (25,38,6)]
Time : 51
Queue 1: []
Queue 2: []
Queue 3: []
Queue 4: []
Queue 5: [(16,16,3), (37,18,1), (39,19,3), (7,20,2), (1,21,4), (12,21,2), (33,21,2), (23,22,6), (10,25,0), (30,27,5), (26,28,5), (6,29,2), (17,31,4), (18,31,1), (45,32,1), (20,34,4), (8,35,1), (14,36,3), (34,36,0), (13,37,1), (0,38,2), (25,38,6)]
Time : 52
Queue 1: []
Queue 2: []
Queue 3: []
Queue 4: []
Queue 5: [(16,16,2), (37,18,1), (39,19,3), (7,20,2), (1,21,4), (12,21,2), (33,21,2), (23,22,6), (10,25,0), (30,27,5), (26,28,5), (6,29,2), (17,31,4), (18,31,1), (45,32,1), (20,34,4), (8,35,1), (14,36,3), (34,36,0), (13,37,1), (0,38,2), (25,38,6)]
Time : 53
Queue 1: []
Queue 2: []
Queue 3: []
Queue 4: []
Queue 5: [(16,16,1), (37,18,1), (39,19,3), (7,20,2), (1,21,4), (12,21,2), (33,21,2), (23,22,6), (10,25,0), (30,27,5), (26,28,5), (6,29,2), (17,31,4), (18,31,1), (45,32,1), (20,34,4), (8,35,1), (14,36,3), (34,36,0), (13,37,1), (0,38,2), (25,38,6)]
Time : 54
Queue 1: []
Queue 2: []
Queue 3: []
Queue 4: []
Queue 5: [(37,18,1), (39,19,3), (7,20,2), (1,21,4), (12,21,2), (33,21,2), (23,22,6), (10,25,0), (30,27,5), (26,28,5), (6,29,2), (17,31,4), (18,31,1), (45,32,1), (20,34,4), (8,35,1), (14,36,3), (34,36,0), (13,37,1), (0,38,2), (25,38,6)]
Time : 55
Queue 1: []
Queue 2: []
Queue 3: []
Queue 4: []
Queue 5: [(39,19,3), (7,20,2), (1,21,4), (12,21,2), (33,21,2), (23,22,6), (10,25,0), (30,27,5), (26,28,5), (6,29,2), (17,31,4), (18,31,1), (45,32,1), (20,34,4), (8,35,1), (14,36,3), (34,36,0), (13,37,1), (0,38,2), (25,38,6)]
Time : 56
Queue 1: []
Queue 2: []
Queue 3: []
Queue 4: []
Queue 5: [(39,19,2), (7,20,2), (1,21,4), (12,21,2), (33,21,2), (23,22,6), (10,25,0), (30,27,5), (26,28,5), (6,29,2), (17,31,4), (18,31,1), (45,32,1), (20,34,4), (8,35,1), (14,36,3), (34,36,0), (13,37,1), (0,38,2), (25,38,6)]
Time : 57
Queue 1: []
Queue 2: []
Queue 3: []
Queue 4: []
Queue 5: [(39,19,1), (7,20,2), (1,21,4), (12,21,2), (33,21,2), (23,22,6), (10,25,0), (30,27,5), (26,28,5), (6,29,2), (17,31,4), (18,31,1), (45,32,1), (20,34,4), (8,35,1), (14,36,3), (34,36,0), (13,37,1), (0,38,2), (25,38,6)]
Time : 58
Queue 1: []
Queue 2: []
Queue 3: []
Queue 4: []
Queue 5: [(7,20,2), (1,21,4), (12,21,2), (33,21,2), (23,22,6), (10,25,0), (30,27,5), (26,28,5), (6,29,2), (17,31,4), (18,31,1), (45,32,1), (20,34,4), (8,35,1), (14,36,3), (34,36,0), (13,37,1), (0,38,2), (25,38,6)]
Time : 59
Queue 1: []
Queue 2: []
Queue 3: []
Queue 4: []
Queue 5: [(7,20,1), (1,21,4), (12,21,2), (33,21,2), (23,22,6), (10,25,0), (30,27,5), (26,28,5), (6,29,2), (17,31,4), (18,31,1), (45,32,1), (20,34,4), (8,35,1), (14,36,3), (34,36,0), (13,37,1), (0,38,2), (25,38,6)]
Average waiting time 0.58.
Average service time 2.9.
Peek hour  38.
